<?xml version="1.0"?>
<opencv_storage>
<calibration_Time>"Sun 10 May 2015 08:31:16 AM CDT"</calibration_Time>
<nrOfFrames>10</nrOfFrames>
<image_Width>640</image_Width>
<image_Height>480</image_Height>
<board_Width>6</board_Width>
<board_Height>9</board_Height>
<square_Size>2.3000000044703484e-02</square_Size>
<FixAspectRatio>1.</FixAspectRatio>
<!-- flags:  +fix_aspectRatio +fix_principal_point +zero_tangent_dist -->
<flagValue>14</flagValue>
<Camera_Matrix type_id="opencv-matrix">
  <rows>3</rows>
  <cols>3</cols>
  <dt>d</dt>
  <data>
    5.3033738265405793e+02 0. 2.9786652758274755e+02 0.
    5.2887587196245431e+02 1.9975906171065029e+02 0. 0. 1.</data></Camera_Matrix>
<Distortion_Coefficients type_id="opencv-matrix">
  <rows>5</rows>
  <cols>1</cols>
  <dt>d</dt>
  <data>
    1.3104347705783861e-01 -5.8051415235932469e-01
    -1.3448761979607039e-03 -3.5040262449768668e-03
    1.0825333803351278e+00</data></Distortion_Coefficients>
<Avg_Reprojection_Error>5.0550043237289788e-001</Avg_Reprojection_Error>
<Per_View_Reprojection_Errors type_id="opencv-matrix">
  <rows>10</rows>
  <cols>1</cols>
  <dt>f</dt>
  <data>
    1.32208914e-01 1.46041214e-01 1.58515051e-01 2.74512380e-01
    4.51163650e-01 1.57960445e-01 2.04682127e-01 2.77325124e-01
    3.86966646e-01 1.79014832e-01</data></Per_View_Reprojection_Errors>
<!-- a set of 6-tuples (rotation vector + translation vector) for each view -->
<Extrinsic_Parameters type_id="opencv-matrix">
  <rows>10</rows>
  <cols>6</cols>
  <dt>d</dt>
  <data>
    -1.8803298441628001e-02 7.8420046218677569e-02
    -3.1399781005805485e+00 8.0356038250862016e-02
    1.3265690243460962e-01 4.3439761646511477e-01 7.2057958181221682e-02
    -2.2715709989169289e-02 2.8557725597981638e+00
    1.0112345128105867e-01 1.1828048871636865e-01 4.3723605768313312e-01
    7.5333385230052091e-02 4.0747870496668039e-02 2.6830240404525436e+00
    1.1102691947882715e-01 1.0770748763635886e-01 4.4109327932861558e-01
    1.6844406862106731e-01 -1.4411427055572515e-01
    3.1111793369514178e+00 9.7573020486157014e-02 1.1052503705932633e-01
    4.3399154412672819e-01 -3.5237028272127224e-01
    2.5308319184413042e-01 -2.8537775824886515e+00
    7.9321455517829348e-02 1.0908119819356898e-01 4.4184203666529742e-01
    -2.1377700707220937e-01 1.7660067297035115e-01
    -2.5554044608145530e+00 1.3351562474330614e-02
    8.2570674044152970e-02 4.5999669304725471e-01 5.4895680658238473e-02
    5.8781177893908987e-01 -2.6730257987116204e+00
    3.5869696761072753e-02 9.5074603135776176e-02 4.4433940584146087e-01
    3.9814361396452286e-01 8.2743206332381447e-01
    -2.7855178811360362e+00 4.1483312356441988e-02
    9.4832021174310804e-02 4.3986685831608963e-01
    -9.0542842891415487e-01 -8.6509420743310828e-01
    2.8685464698582175e+00 4.6295520821508188e-02 9.9860647590482160e-02
    4.4481998943587664e-01 2.0404665145915329e-01 6.1807656093199415e-01
    -2.9698271406688272e+00 4.9551632882131692e-02
    9.8001038214132613e-02 4.4388101031153021e-01</data></Extrinsic_Parameters>
<Image_points type_id="opencv-matrix">
  <rows>10</rows>
  <cols>54</cols>
  <dt>"2f"</dt>
  <data>
    3.96613251e+02 3.62442139e+02 3.68283569e+02 3.62301605e+02
    3.39786774e+02 3.62058258e+02 3.11659332e+02 3.62026642e+02
    2.83484650e+02 3.61962311e+02 2.55304230e+02 3.61858856e+02
    3.96754456e+02 3.34436768e+02 3.68369812e+02 3.34262726e+02
    3.39980957e+02 3.33969452e+02 3.11696899e+02 3.33897797e+02
    2.83481537e+02 3.33894196e+02 2.55282043e+02 3.33822266e+02
    3.96786224e+02 3.06345856e+02 3.68444916e+02 3.06293427e+02
    3.40121002e+02 3.06170746e+02 3.11717346e+02 3.06030914e+02
    2.83454529e+02 3.06092682e+02 2.55267334e+02 3.05921143e+02
    3.97098419e+02 2.78212280e+02 3.68500519e+02 2.78173309e+02
    3.40237640e+02 2.77946655e+02 3.11705475e+02 2.77888184e+02
    2.83425110e+02 2.77793671e+02 2.55216141e+02 2.77772827e+02
    3.97244263e+02 2.49816925e+02 3.68647186e+02 2.49747375e+02
    3.40303864e+02 2.49719833e+02 3.11779755e+02 2.49717484e+02
    2.83489197e+02 2.49643402e+02 2.55154449e+02 2.49668976e+02
    3.97504333e+02 2.21689819e+02 3.68740570e+02 2.21643204e+02
    3.40413605e+02 2.21646286e+02 3.11852783e+02 2.21613785e+02
    2.83480347e+02 2.21599487e+02 2.55007721e+02 2.21548828e+02
    3.97720520e+02 1.93455536e+02 3.69209198e+02 1.93468369e+02
    3.40476318e+02 1.93479050e+02 3.12073517e+02 1.93424728e+02
    2.83439148e+02 1.93425980e+02 2.54851578e+02 1.93419434e+02
    3.98300842e+02 1.64770798e+02 3.69346649e+02 1.64883224e+02
    3.40636078e+02 1.64765488e+02 3.12116760e+02 1.64729431e+02
    2.83454803e+02 1.64739853e+02 2.54731583e+02 1.64691833e+02
    3.98478455e+02 1.36132553e+02 3.69617889e+02 1.36108078e+02
    3.40757019e+02 1.36092850e+02 3.12249908e+02 1.36031738e+02
    2.83422211e+02 1.35925430e+02 2.54605209e+02 1.35962326e+02
    4.21156036e+02 3.43918304e+02 3.93839996e+02 3.51279510e+02
    3.66664398e+02 3.58572418e+02 3.40099487e+02 3.66109009e+02
    3.13277679e+02 3.73454346e+02 2.86662354e+02 3.80822876e+02
    4.13392059e+02 3.16836517e+02 3.85833557e+02 3.24335022e+02
    3.58987152e+02 3.31590790e+02 3.32167816e+02 3.39234009e+02
    3.05506012e+02 3.46659088e+02 2.78855194e+02 3.54127380e+02
    4.05273346e+02 2.89762756e+02 3.78192566e+02 2.97346954e+02
    3.51086182e+02 3.04984253e+02 3.24469635e+02 3.12538727e+02
    2.97691772e+02 3.20128510e+02 2.71345306e+02 3.27622101e+02
    3.97410858e+02 2.62800140e+02 3.70222290e+02 2.70501892e+02
    3.43409210e+02 2.78234833e+02 3.16544220e+02 2.85749146e+02
    2.90109711e+02 2.93357849e+02 2.63528168e+02 3.00907288e+02
    3.89434753e+02 2.35943298e+02 3.62417023e+02 2.43743530e+02
    3.35494629e+02 2.51488251e+02 3.08866364e+02 2.59189819e+02
    2.82232056e+02 2.66753998e+02 2.55857651e+02 2.74496643e+02
    3.81676025e+02 2.09363190e+02 3.54506409e+02 2.17078629e+02
    3.27778168e+02 2.24973465e+02 3.01068451e+02 2.32558258e+02
    2.74538635e+02 2.40408585e+02 2.48111542e+02 2.47980408e+02
    3.73707825e+02 1.82494843e+02 3.46753143e+02 1.90527557e+02
    3.19781158e+02 1.98334045e+02 2.93420197e+02 2.06179337e+02
    2.66627502e+02 2.13780273e+02 2.40440689e+02 2.21647278e+02
    3.66112518e+02 1.55634247e+02 3.38732361e+02 1.63677170e+02
    3.12246582e+02 1.71585114e+02 2.85464447e+02 1.79430801e+02
    2.58949188e+02 1.87409790e+02 2.32452194e+02 1.95165329e+02
    3.57989563e+02 1.28631393e+02 3.31127106e+02 1.36693741e+02
    3.04140930e+02 1.44686005e+02 2.77590668e+02 1.52722351e+02
    2.50892212e+02 1.60549057e+02 2.24570312e+02 1.68527634e+02
    4.32080170e+02 3.29653839e+02 4.06770111e+02 3.41547821e+02
    3.81573700e+02 3.53483246e+02 3.56839233e+02 3.65488861e+02
    3.31812897e+02 3.77379486e+02 3.07395447e+02 3.89093842e+02
    4.19630859e+02 3.04466370e+02 3.94167542e+02 3.16343231e+02
    3.69387909e+02 3.28240875e+02 3.44390472e+02 3.40152283e+02
    3.19809967e+02 3.52110626e+02 2.94981232e+02 3.63868835e+02
    4.06805573e+02 2.79321045e+02 3.81858459e+02 2.91319122e+02
    3.56836487e+02 3.03293732e+02 3.32400177e+02 3.15196289e+02
    3.07555817e+02 3.27038055e+02 2.83320435e+02 3.38891083e+02
    3.94534119e+02 2.54355621e+02 3.69457520e+02 2.66391144e+02
    3.44737946e+02 2.78403503e+02 3.20099152e+02 2.90314240e+02
    2.95655121e+02 3.02291077e+02 2.71259460e+02 3.14070496e+02
    3.81898590e+02 2.29563644e+02 3.57331146e+02 2.41565384e+02
    3.32501129e+02 2.53586319e+02 3.08232300e+02 2.65560242e+02
    2.83603180e+02 2.77501892e+02 2.59466888e+02 2.89497528e+02
    3.69944489e+02 2.05075089e+02 3.45044373e+02 2.17164780e+02
    3.20605835e+02 2.29277603e+02 2.96066437e+02 2.41191193e+02
    2.71913208e+02 2.53213852e+02 2.47545517e+02 2.64982727e+02
    3.57617432e+02 1.80608032e+02 3.33157654e+02 1.92670471e+02
    3.08435394e+02 2.04758133e+02 2.84343140e+02 2.16753632e+02
    2.59814880e+02 2.28752472e+02 2.35882599e+02 2.40699234e+02
